1 2 9
2 3 4
3 4 6
4 5 3
5 6 8
6 2 5
7 8 7
8 9 3
9 10 6
10 7 4
11 12 2
12 13 8
13 14 3
14 11 5
15 16 2
16 17 6
17 18 1
18 15 4
19 20 9
20 21 4
21 22 8
22 19 7
23 24 3
24 25 1
25 26 6
26 27 9
27 28 5
28 23 4
29 30 5
30 31 7
31 32 2
32 33 8
33 34 3
34 29 4
35 36 6
36 37 1
37 38 2
38 39 3
39 35 9
40 41 5
41 42 7
42 43 4
43 44 2
44 45 8
45 40 3
46 47 2
47 48 9
48 49 4
49 46 1
50 51 7
51 52 6
52 53 2
53 54 9
54 55 3
55 56 5
56 50 4
57 58 8
58 59 6
59 60 7
60 61 1
61 57 3
62 63 5
63 64 4
64 62 2
65 66 9
66 67 7
67 68 3
68 65 8
69 70 2
70 71 4
71 72 9
72 73 1
73 74 6
74 69 5
75 76 2
76 77 9
77 78 8
78 79 6
79 80 4
80 75 3
81 82 1
82 83 2
83 84 9
84 85 5
85 81 7
86 87 3
87 88 8
88 89 2
89 86 6
90 91 5
91 92 9
92 93 3
93 94 4
94 95 2
95 90 1
96 97 4
97 98 6
98 99 2
99 100 8
100 96 5
