910330
16811
114931
965772
334319
830507
898160
910167
520293
114779
786910
78106
617453
162360
660667
427688
485066
342337
140816
177650
917524
128339
259094
814629
235082
60841
336174
275850
793146
445737
452161
385069
925245
603986
596042
133661
632414
465467
546563
671991
364120
999614
766674
580192
758924
405106
321884
378291
524437
726308
925209
814574
149246
599479
44938
24929
194317
978928
161015
900852
707348
208748
417784
144368
849018
981038
981123
456712
515478
815644
8920
654273
412506
709475
530961
741844
310444
692672
770116
101302
55813
747180
955409
43238
234039
880017
667501
526286
112886
606651
361181
618406
725591
387880
140168
86680
582982
549655
204105
912106
539971
24530
156867
432768
258072
500079
94535
290542
948426
28391
360334
965666
762882
457659
276995
889356
667372
153542
90722
792361
574880
317568
501730
421909
504549
713903
479248
678888
678420
944030
200439
854954
595133
501373
845096
57232
805814
557852
770876
212655
638022
97817
912842
763708
758018
714278
201806
26022
803941
95137
591782
98974
50201
404673
564095
47376
158758
611945
877002
665598
934728
458621
727912
597360
794661
678434
673160
845365
188631
706440
40617
590104
776624
504815
632060
437735
303105
178666
722972
136035
179553
744676
547787
32545
702823
554526
30128
401521
255907
818610
31817
972726
563358
421050
209975
856430
105337
61939
988157
709001
536443
678981
737555
709350
794491
503709
201462
753186
764082
579513
153059
597411
160244
279455
123512
65727
565161
9028
38176
259770
894856
901746
204536
731726
943094
362117
560471
707807
193875
992747
55978
67702
167547
23872
854550
610155
811906
251434
774131
823273
300453
827084
676060
131243
812585
670141
257175
370818
561772
43318
528950
858257
58985
632840
412266
160507
642297
999617
441385
285920
855005
68696
132088
727123
246834
610912
432787
901907
79834
893168
199500
748839
761575
168947
179961
363185
306489
357275
561063
94591
724304
714575
330451
850363
573559
855426
448693
604016
4162
809572
901449
772283
425604
381471
266324
930901
560880
764377
232832
35194
896343
601090
984485
630968
990592
357587
77871
772166
531358
459412
12398
657658
716348
736170
802644
164912
596767
858336
313249
715059
378129
545704
822979
519932
854645
667906
592502
679960
317062
441030
6067
181774
312260
818271
567972
685294
961919
285237
420814
830609
233931
285332
495666
129754
4078
737133
692597
813152
737308
360534
821775
604819
781125
608186
953843
660240
71661
927379
142400
204037
229490
728651
808983
730834
786239
817315
566794
393235
396544
63065
362391
550994
97759
292044
700303
264049
673304
619662
75259
938697
73357
495373
819908
982986
485196
528608
983900
942454
457940
907951
693865
279410
347998
827647
354163
652482
640564
665850
782159
262080
89553
311587
122353
811335
400449
414864
809682
351823
359453
938807
659910
258760
703462
55753
241593
132353
349210
586614
200574
190045
296714
450336
750699
665446
953283
157188
921276
234666
44555
984464
752996
900500
537076
57147
505258
336962
495104
82859
671015
476716
926374
162830
604469
715805
273502
966361
228291
170549
975403
384825
784511
491439
286717
249297
21442
300325
643171
662754
392461
369931
673778
632529
402968
244436
431375
943149
674268
214305
27254
341513
317648
802193
204021
917204
305500
777928
706944
733319
353714
788402
209754
417285
80377
58018
807424
312524
754748
386116
300181
141755
873853
691174
32699
971810
611090
775536
178780
758652
167050
238904
6516
903049
909661
847499
69403
332783
837517
119974
569069
131341
329053
526706
350603
159443
271002
277913
871817
15987
409733
829851
265655
298575
198334
925403
910733
201007
955438
317585
740153
525504
463933
724954
546113
323470
826561
632301
679992
242263
269471
220472
372504
127225
835586
180694
831712
557773
408830
895697
26082
518913
712992
965162
396707
120087
304987
823598
449765
325746
906778
560820
713443
401174
685278
400757
611357
861710
122878
66095
64635
606576
744326
4256
247339
429152
633828
621716
422627
273223
517202
149099
371190
152816
428005
158230
726843
567425
17645
76364
676546
529062
287024
510912
452158
558015
93303
240663
252228
242310
403984
653460
623788
949108
783124
92547
124925
971845
17766
433288
931152
998375
874793
944726
870632
4743
358080
923801
575307
711171
144007
491824
743190
318910
910381
147085
580331
554132
433613
147608
638592
770271
702679
970881
450648
72309
938261
239307
871037
529819
710866
96764
897282
14602
542863
939172
926992
918919
969054
92563
985075
461903
85873
607909
810019
47612
214440
57579
668840
506471
92634
667392
43649
784117
775912
602783
844176
214109
495541
671851
136702
371050
404497
38940
313504
970008
366305
63822
102592
147798
868085
66621
790038
858998
141978
42511
936333
940519
849347
953191
987726
934369
221090
54361
695639
62469
851154
873857
204935
38927
82777
301957
774464
398746
121445
589344
630497
32402
77458
961600
568173
140198
977782
441138
220021
925585
810710
234828
437945
873132
73484
975857
210634
462599
772494
555460
613864
616319
63013
375948
481152
348392
753867
860591
513511
385311
409985
44888
869542
46926
381781
47788
773124
723293
551918
167958
521310
622256
813757
149555
229183
230409
870886
771795
560883
502629
402014
433434
673936
438162
535157
429570
486560
603662
284629
57262
784758
359571
472546
355884
741610
296936
38787
489649
528296
27631
108679
63211
920087
865508
22770
70192
521189
547491
503690
244042
399990
746222
104680
590414
976301
669222
218728
537181
726604
711909
633653
522938
285306
781889
944996
196841
461480
915937
532905
607730
661301
930452
587174
877795
189209
787133
392469
207446
939904
826900
690049
722090
398162
664973
153585
132939
90881
199684
941252
176745
719659
764623
866610
294666
55986
566421
324655
993353
252012
800413
654506
549131
162118
111251
944055
615279
773279
586236
291559
479140
705930
341763
103564
371167
769618
494818
5502
130003
814671
463439
824468
814749
655747
879868
733617
69732
679622
866065
929262
287530
898682
686386
330325
187801
578002
872147
611898
764412
14807
298182
281669
545716
941662
950655
740137
815177
697031
153792
469616
883772
191520
614345
727812
544518
241013
443295
596441
968318
526554
704000
725983
990365
394607
30012
526646
456450
640036
538928
843173
936483
534569
453188
122226
391963
950168
689873
498157
536220
904054
62395
630941
972209
555037
474617
641126
265360
208278
436769
511314
977112
20021
725508
968033
354784
417016
710705
797129
194442
625235
262483
460233
56888
169478
863793
548592
676053
397419
752753
236393
526374
980364
62607
309621
424958
975392
518682
725204
589356
56280
247144
421630
732644
49864
226074
344802
686217
699483
144067
184844
528711
277172
853248
700027
717909
585354
837953
33937
464310
181781
982840
690079
593480
673610
726321
900970
336956
723461
24509
870915
700757
327057
637799
407939
616902
39357
527971
145930
499987
537810
269727
98695
719743
869850
756829
702789
371640
818181
971192
835408
271797
762631
647754
237526
431365
473724
847142
136313
345715
634975
288696
733982
474625
664591
882426
714457
344656
976398
299058
799626
985197
305094
784833
738576
359178
70750
596920
323207
268607
128239
975192
377478
770344
982967
504157
158441
872327
135514
845150
972581
162642
751487
727188
553437
526250
847099
424772
698853
448940
647135
762203
292929
169395
937868
244354
427263
119883
192836
776197
459341
526855
351923
67062
236046
970455
916270
480456
775879
299566
668344
518686
975374
308994
261359
229720
196482
936652
172760
595869
920113
813924
188451
154227
240413
968179
858848
201880
787140
522303
704712
82539
138487
758422
519696
627913
76954
642199
427637
892566
497109
736901
263099
333572
808736
636142
586722
46614
689366
636303
698167
415092
34181
246522
961312
191925
575786
453654
149759
501057
480134
387698
433888
916881
437570
483677
597494
148504
897673
704819
117810
781919
300574
73212
488825
702161
899720
357287
532920
773816
124899
538608
988425
478718
259014
771904
806516
369934
25011
85893
787867
722543
471928
568500
675209
746354
979971
21555
491513
172041
408314
900292
623511
50231
624203
487146
187394
764224
68805
433219
457747
836058
150916
236678
335038
280565
790278
672898
56108
791758
829123
870559
3895
534101
694856
188027
759080
876179
381890
393711
685559
629321
639794
31463
349231
481516
887381
955561
455196
181236
941938
52286
704815
930627
364934
134734
441566
708260
945585
289097
835482
208822
515216
336739
273829
747315
102068
597435
668897
550265
852707
440375
556302
875674
869117
782580
604548
484112
702501
744736
859187
937382
925737
698357
395183
887234
783246
516856
11068
212960
204829
447130
905611
930688
165363
873553
72395
700728
104346
187542
53333
112832
989413
350323
118353
414371
212314
860046
491117
163255
563671
575316
387885
886794
790490
372495
458908
704640
115478
502558
744953
740114
55275
988200
59216
947084
714919
738960
451477
869338
472476
878647
185963
876168
918462
389892
184636
825299
324437
79281
518012
620248
423981
457140
247316
595862
451042
965430
450478
114093
623335
417118
844175
552206
628656
918194
841582
403529
107755
943479
510061
46167
787008
182283
457902
351302
96663
96609
597876
192428
697188
597394
189857
267548
351259
288281
952943
687066
33122
206456
911297
930269
181936
970653
694995
842834
674599
284413
430111
354107
311688
874228
409870
26413
457050
709759
72572
719480
997051
443449
629529
228317
784538
104702
400757
61634
458652
130108
30240
943059
440254
326551
485311
746504
975965
915444
601634
827036
918645
531493
473232
645849
757327
108712
845097
994108
198689
793288
631200
957651
588960
338822
878150
156956
118546
733220
576445
289658
883090
121474
408512
988101
845048
278631
267379
602233
355713
112190
846670
903780
498252
113243
122048
15721
901250
705352
633469
584344
384689
670770
557903
770604
743985
474859
50008
910031
459142
960918
907663
231854
900370
501775
737029
894328
542136
458038
689078
929097
876816
843241
537625
531995
835678
233598
87488
438537
991185
725996
82378
797619
706074
166839
231242
316733
643805
777736
32701
910785
254228
987622
234605
857740
37075
674585
920923
263340
737108
656253
483167
778398
98760
634092
571950
947819
827099
923417
922744
996844
218527
781968
856352
657217
990493
718413
814001
196346
68535
337899
331144
959616
853382
84516
361613
265259
576162
361602
632462
545793
809889
439784
464383
976142
67819
368288
525228
63270
829663
528659
423405
299424
683204
908066
473667
895945
290354
81706
213627
295192
340302
646293
964019
67955
578022
274019
486190
731205
545289
11100
784149
894402
529114
265292
375649
145543
215088
404489
932615
730982
923021
298744
33154
496253
255738
387105
445204
75024
931227
851555
850042
304187
404256
166406
424672
70706
660613
948970
488617
651746
748505
556081
54881
670366
792750
76548
154950
310997
660332
407857
178612
46110
226736
292614
375236
108805
89499
665260
609597
805245
628371
491002
704793
16965
430610
86398
231545
153836
838923
654677
570024
508399
892509
906274
494505
951667
615421
355053
571016
965591
566554
218328
774261
941945
922254
409066
863981
225515
23854
651286
506454
518662
654331
725043
672545
310063
243747
295806
804166
723738
467161
637583
262409
92671
595543
179063
472994
941089
580434
835381
240535
39815
638729
844266
680454
365418
300873
833434
915958
415061
36843
383637
722822
528620
624432
471447
836154
603221
501490
911972
277444
159833
790450
671612
437326
371044
281048
27794
82311
501250
311170
30668
271046
472945
513251
713873
429432
521020
24270
674669
570366
292958
446962
207592
820038
561612
128623
970012
296825
757709
887295
491251
720685
352439
748586
96460
190254
878222
244849
986198
602506
618833
323170
650946
848210
540092
782905
308815
921877
659152
848162
122179
824102
480503
449313
638183
136281
523109
370861
217373
759610
839459
339584
884368
893041
192213
307149
69212
497984
184301
133701
931591
155760
919935
838859
519405
689258
12307
866584
85590
865501
795562
156823
170134
223089
622645
427763
387928
220743
612544
244424
395289
124280
750613
77429
195961
300984
711275
529800
735254
494119
167265
921877
411973
427975
958292
687210
997279
363319
88198
685330
49632
606787
647663
661180
816551
611784
609003
11480
931594
270816
598860
706574
146361
285532
183657
700227
77157
628274
524052
187167
209667
128334
988797
937167
100418
561338
810663
137121
996091
624176
926400
729275
973392
12072
389458
444002
171200
882344
14470
31844
541638
62263
85788
863074
795067
684239
102313
864961
590300
113795
111141
874616
842904
540
707854
701121
979627
1280
841573
213614
91788
206244
492979
178043
206043
356033
882573
361522
201532
428601
46106
948755
994740
384889
743180
736762
394228
866531
204081
32728
704585
45084
758045
956607
213031
792249
198125
484958
483062
879797
6546
242233
316343
115224
878029
131814
970658
25847
725926
712832
664571
298825
940878
351729
714563
913579
712111
936839
359176
998356
895640
871954
642110
542268
721487
705918
623534
674987
939014
890408
256860
768282
427952
723533
521065
446299
678059
377767
930277
659122
407295
663978
722920
759947
789484
862220
348054
575013
704406
607168
759338
834831
490324
715909
16152
444418
414258
204328
479206
49896
405283
93302
419744
508960
405781
683216
304014
416815
370970
104902
420793
121107
839451
621980
343902
794825
941391
95959
557351
49891
977254
466929
610014
130870
696616
434081
650795
194346
668943
861932
797296
807288
865597
996805
430055
30850
663546
144196
206895
822424
574191
90070
376670
485103
825444
875789
768953
66474
619267
747943
63889
440503
245672
143082
451079
321863
32909
603554
782984
2235
90061
622690
228703
595180
56111
258334
948572
803320
147295
990075
223420
649355
961886
431946
191066
162529
663014
938148
153330
597526
816181
139428
530558
694164
758547
413007
860328
180970
92148
685671
376548
821861
901796
385318
834453
861879
840133
636802
972825
840073
466643
131107
545768
112870
56256
174236
606297
453077
982050
1536
582955
443611
848659
813669
661237
972899
332626
577598
467735
94427
336507
945970
8191
240691
866311
430255
277114
228616
23796
707088
247391
854145
304898
67235
836281
134482
684308
805463
670597
292345
697378
185800
598073
889413
79734
897721
48703
214543
841658
425505
296973
833968
336400
13514
268246
306574
695098
147875
482325
475856
710461
156035
107734
776990
372010
65192
897109
678408
223061
363061
198941
649745
169730
385379
130243
50628
340899
653992
546190
756341
405504
891598
685714
430659
829591
117504
664616
785115
814820
318367
140789
126048
443771
64517
69740
887728
729135
15589
892403
345782
698855
946464
934842
400567
819001
74883
467708
162628
180211
510284
741460
851174
874450
815359
523103
682687
469086
413665
427745
580271
779131
471385
810737
739675
923842
440517
123707
349397
846285
576288
396541
576060
948115
929978
941270
749460
739348
358476
235576
524323
46838
778212
385411
173379
987737
434380
309636
628724
715423
981227
532131
981177
537756
582660
944473
86574
577824
91883
347012
253926
33883
604358
767045
857943
638845
335329
495931
193510
478989
541745
964685
963295
417754
808455
632055
530998
102032
694119
270629
591990
821015
973800
333157
96620
131562
465842
724082
177051
676604
799741
582224
502566
815087
748871
474382
644831
633938
662490
779195
558145
854483
751662
169136
186043
424490
436420
163528
623158
299483
470424
137083
168626
494620
635729
749170
546859
888896
543616
452705
290548
796526
861875
853862
913879
615791
652454
932142
273000
313221
473722
765559
989691
429651
743572
789413
769511
819986
633488
565930
865962
716266
954238
409024
498767
590874
903470
859817
676832
171958
872528
481736
364315
169942
85013
379012
89124
518813
254796
200718
13997
751017
975370
260908
605509
735854
911725
625166
976885
270794
488019
304657
102022
247797
666407
215430
195399
291791
771936
427017
312449
389270
911686
761953
176932
331612
357617
937692
708609
122133
630881
778233
497513
277507
205327
906352
288207
122578
748939
970278
281123
634433
42198
235691
905651
263458
806573
791009
101910
50382
758183
312251
890113
693104
258658
500835
98636
673776
494347
153406
484360
237226
517106
333446
966524
454282
799039
251623
62461
495744
20399
917871
128159
518149
597640
912234
894564
81695
262009
549188
438100
653709
793174
593379
612805
327857
2076
736472
913663
29018
775886
686969
151014
921939
785666
865895
143898
49741
784143
898084
8177
124766
550562
461274
194510
808262
131941
574574
363720
566366
492857
885452
647575
435541
299934
554810
942567
102085
853061
931197
683400
691007
746590
570385
915260
124421
713628
270424
169398
752677
607694
93431
516255
487055
34514
239311
958320
347986
708928
485944
6678
580983
303767
53559
875751
897223
208201
587303
75359
372274
6152
42622
562802
93034
838299
200750
248294
398383
447434
510998
183638
949372
218991
194914
954927
388052
975980
214142
235715
766244
357069
272396
686480
541213
521052
290553
103407
613494
803098
695025
659527
336520
43726
620126
880884
73295
457880
391443
54459
676959
269093
499591
866193
815294
190384
711833
39647
814158
445982
842158
135686
524958
131613
648427
659856
177779
264964
67800
928793
874043
135171
171290
565605
721085
251529
107640
17989
291839
387108
361171
765408
958021
762548
310110
338486
896925
689069
317978
797532
95709
911779
591120
179466
421707
243710
690405
621745
125411
896752
915759
315474
469820
667129
2489
696404
92422
553164
838803
476205
556016
810757
583357
354753
408927
206095
918269
737288
561109
731051
711185
539767
894501
731412
817295
282781
706962
157269
107974
15223
237769
886712
132886
666432
52000
759852
394602
53560
655155
612967
127611
427719
274079
55571
111804
405577
103815
565277
283441
139532
286712
731027
502966
529400
707110
191106
97676
35943
827079
586913
153391
340581
373826
424117
729725
480783
210316
172744
267118
624749
103957
604186
39953
494670
244760
501560
113512
896032
123852
419795
70594
462208
742376
584938
397113
384565
936851
78394
151451
338400
969279
501834
110355
456334
992588
47406
499753
990836
350832
497760
448293
403521
554274
836041
346876
97092
263606
153973
750913
569951
241814
189332
559041
389104
20877
647785
802022
890654
549771
103906
915500
918271
693988
570766
339626
100410
679332
5834
856401
10471
71747
918410
977830
420097
933755
131163
407035
45203
793226
930029
728478
522651
883362
899750
120134
147971
659078
740645
581336
283573
827297
756578
736217
401924
910027
307268
336945
998077
918509
49696
28971
450384
728821
485539
440657
455308
615697
140195
384798
375238
413337
363495
111268
255868
313189
967180
490313
963039
619806
645409
643460
885033
652895
739035
21736
481777
41906
658918
962052
996953
611724
602347
675143
356577
147750
888975
201997
505204
11361
450191
737879
778817
169811
673121
55635
277432
88887
429339
500326
901819
127070
926893
296521
169705
581636
891347
909720
968602
171897
925794
42360
47430
682985
610128
447992
971966
574994
574152
61916
658405
922440
686938
866466
862330
970796
166855
659354
747209
195368
600010
955733
30531
776698
187280
872496
337674
11299
641930
366575
243915
379422
951378
306917
756949
875527
950595
916059
254360
416279
766783
201504
926353
890174
406763
683541
733160
171171
672713
255549
369384
432832
505369
575595
604185
240579
724231
404760
851543
505685
297694
806097
102961
819857
325332
607807
603191
219864
987159
229629
546954
205848
757776
170523
547469
953976
296326
851219
217592
170586
484939
832648
350577
973114
424745
853861
14916
252247
18278
571297
349540
837870
117353
830399
581615
760902
945537
250522
589117
326201
351786
119729
893843
347276
159079
842308
523804
692852
637019
206316
514404
546624
326468
374007
241264
578990
176100
305432
374125
239511
634243
207740
481484
832674
480362
662117
987989
206541
399852
714777
415234
999511
80894
929745
961559
69585
206474
395108
359413
999967
386770
510143
679523
823191
9210
922539
397279
607823
310406
555849
459467
65285
206532
159105
955450
210692
623334
612687
244233
763824
8835
660631
938181
343535
615851
723862
297671
754719
650852
697238
833930
267562
654041
833992
931493
218569
978556
154425
340647
139377
549186
404057
144277
695148
125535
308492
70483
541619
403671
49021
302619
300369
301282
305233
131563
318014
154506
281839
97882
321888
68542
160644
15861
218197
155016
726312
826032
189884
345679
748373
361177
33237
616843
255991
425653
956449
917257
423476
117374
74895
346882
655199
60737
273747
484695
648935
648644
898866
939086
172953
682837
263419
853613
813064
471773
138702
203101
296633
938805
262736
55905
468015
549503
316670
773914
446587
460593
435452
114925
888595
408902
146811
914562
795539
320372
545474
671369
350794
250947
441958
81326
116208
919956
270804
497835
78945
917717
954420
285022
816972
839298
311106
459400
538276
561460
142675
416838
382156
111140
205534
949742
15983
